18 36
S 0
N 0
R 1 5 15 29 -1.
R 6 5 5 29 3.
-0.1641732007265091
a 0.8026667237281799
b -0.7082353234291077
N 1
R 9 13 6 3 -1.
R 11 13 2 3 3.
-1.8584970384836197e-03
a 0.4506939947605133
b -0.4004549980163574
N 2
R 3 14 6 2 -1.
R 5 14 2 2 3.
-3.9533497765660286e-03
a 0.6145467162132263
b -0.4552137851715088
N 3
R 6 32 12 4 -1.
R 12 32 6 2 2.
R 6 34 6 2 2.
3.6129879299551249e-03
a -0.3683801889419556
b 0.4073854982852936
N 4
R 4 12 2 18 -1.
R 4 21 2 9 2.
0.0102949896827340
a -0.5205591917037964
b 0.4457229971885681
N 5
R 7 4 10 8 -1.
R 12 4 5 4 2.
R 7 8 5 4 2.
0.0116544300690293
a -0.3485291898250580
b 0.5704141855239868
T 0 -1.1066639423370361
S 1
N 0
R 1 6 15 25 -1.
R 6 6 5 25 3.
-0.2135282009840012
a 0.7361655235290527
b -0.5956581234931946
N 1
R 12 4 1 24 -1.
R 12 12 1 8 3.
-0.0261022392660379
a 0.7143955826759338
b -0.2550804913043976
N 2
R 5 9 4 22 -1.
R 5 9 2 11 2.
R 7 20 2 11 2.
-0.0270998291671276
a 0.7545657157897949
b -0.2827380001544952
N 3
R 8 4 4 10 -1.
R 10 4 2 5 2.
R 8 9 2 5 2.
0.0101741999387741
a -0.1058759018778801
b 0.4307329058647156
N 4
R 2 35 12 1 -1.
R 6 35 4 1 3.
-2.4152579717338085e-03
a -0.8507493138313293
b 0.2129224985837936
N 5
R 4 32 12 4 -1.
R 8 32 4 4 3.
-7.4831192614510655e-04
a 0.2285889983177185
b -0.3790015876293182
N 6
R 6 4 4 8 -1.
R 6 4 2 4 2.
R 8 8 2 4 2.
6.6674081608653069e-03
a -0.3948980867862701
b 0.5299915075302124
N 7
R 11 8 2 18 -1.
R 12 8 1 9 2.
R 11 17 1 9 2.
-7.0113358087837696e-03
a 0.4852156937122345
b -0.1176927983760834
N 8
R 5 8 2 18 -1.
R 5 8 1 9 2.
R 6 17 1 9 2.
7.0305168628692627e-03
a -0.3188647925853729
b 0.6378985047340393
T 1 -0.9050638079643250
S 2
N 0
R 4 9 4 25 -1.
R 6 9 2 25 2.
-0.0299323908984661
a 0.5221744775772095
b -0.5754073262214661
N 1
R 11 1 2 27 -1.
R 11 10 2 9 3.
-0.0537124685943127
a 0.5823417901992798
b -0.3448120057582855
N 2
R 6 13 2 20 -1.
R 6 13 1 10 2.
R 7 23 1 10 2.
-9.7496835514903069e-03
a 0.5867741703987122
b -0.2672308981418610
N 3
R 4 34 14 2 -1.
R 4 34 7 2 2.
6.3975020311772823e-03
a 0.1632926017045975
b -0.5738539099693298
N 4
R 0 34 18 2 -1.
R 6 34 6 2 3.
-0.0185294393450022
a -0.9756169915199280
b 0.1495410054922104
N 5
R 8 6 4 10 -1.
R 10 6 2 5 2.
R 8 11 2 5 2.
0.0313270911574364
a -0.0208964794874191
b -0.8281630277633667
N 6
R 6 6 4 10 -1.
R 6 6 2 5 2.
R 8 11 2 5 2.
6.9456240162253380e-03
a -0.3345868885517120
b 0.4663799107074738
N 7
R 8 32 8 2 -1.
R 8 32 4 2 2.
-3.5613831132650375e-03
a 0.2599860131740570
b -0.2025448977947235
N 8
R 8 30 2 2 -1.
R 8 30 1 1 2.
R 9 31 1 1 2.
7.0718722417950630e-04
a -0.2365435063838959
b 0.6583114266395569
N 9
R 8 33 8 3 -1.
R 8 33 4 3 2.
-0.0104242898523808
a -0.7136948704719543
b 0.1394021958112717
N 10
R 3 12 3 2 -1.
R 4 12 1 2 3.
-2.7168570086359978e-03
a 0.6939771175384521
b -0.2285580933094025
N 11
R 12 8 2 6 -1.
R 13 8 1 3 2.
R 12 11 1 3 2.
-1.1195479892194271e-03
a 0.3577617108821869
b -0.2354703992605209
T 2 -1.3367619514465332
S 3
N 0
R 3 5 12 29 -1.
R 7 5 4 29 3.
-0.1952683031558990
a 0.6011235713958740
b -0.4819819927215576
N 1
R 11 1 2 27 -1.
R 11 10 2 9 3.
-0.0406858995556831
a 0.4062514007091522
b -0.3418120145797729
N 2
R 3 3 4 14 -1.
R 3 3 2 7 2.
R 5 10 2 7 2.
-0.0217328704893589
a 0.6230322718620300
b -0.2736775875091553
N 3
R 6 8 6 2 -1.
R 6 9 6 1 2.
7.0128599181771278e-03
a -0.1833824962377548
b 0.8348646759986877
N 4
R 4 35 6 1 -1.
R 6 35 2 1 3.
1.4828579733148217e-03
a 0.2106886953115463
b -0.8954408168792725
N 5
R 11 20 2 2 -1.
R 11 20 1 2 2.
-2.8845490887761116e-03
a 0.5466161966323853
b -0.1843668073415756
N 6
R 5 15 4 1 -1.
R 7 15 2 1 2.
4.4952688767807558e-05
a -0.4864760041236877
b 0.3208219110965729
N 7
R 8 35 6 1 -1.
R 10 35 2 1 3.
8.7958859512582421e-04
a 0.1314748972654343
b -0.6410245895385742
N 8
R 4 15 3 11 -1.
R 5 15 1 11 3.
0.0128865195438266
a -0.2598648965358734
b 0.7115563154220581
T 3 -1.0621000528335571
S 4
N 0
R 0 20 18 1 -1.
R 6 20 6 1 3.
-0.0239403098821640
a 0.6551225781440735
b -0.3473604023456573
N 1
R 4 2 10 24 -1.
R 4 10 10 8 3.
-0.1771737933158875
a 0.5872321724891663
b -0.3331728875637054
N 2
R 6 26 3 5 -1.
R 7 26 1 5 3.
-5.3167860023677349e-03
a 0.5866094231605530
b -0.2762010097503662
N 3
R 8 35 6 1 -1.
R 10 35 2 1 3.
-1.3997450005263090e-03
a -0.7702199220657349
b 0.1395571976900101
N 4
R 8 4 2 3 -1.
R 8 5 2 1 3.
-3.1940329354256392e-03
a 0.6847264766693115
b -0.2453224956989288
N 5
R 9 31 8 3 -1.
R 9 31 4 3 2.
-2.2492581047117710e-03
a 0.2519293129444122
b -0.2884323894977570
N 6
R 8 4 1 3 -1.
R 8 5 1 1 3.
1.3303690357133746e-03
a -0.2473637014627457
b 0.6727318167686462
N 7
R 7 34 6 2 -1.
R 9 34 2 2 3.
5.2708610892295837e-03
a 0.1291856020689011
b -0.9770165085792542
N 8
R 8 32 2 2 -1.
R 8 32 1 1 2.
R 9 33 1 1 2.
-1.2603610521182418e-03
a 0.7363864183425903
b -0.2233556956052780
N 9
R 9 8 2 2 -1.
R 10 8 1 1 2.
R 9 9 1 1 2.
2.0792300347238779e-03
a -0.0408168211579323
b 0.7378553748130798
T 4 -1.1002149581909180
S 5
N 0
R 3 30 12 3 -1.
R 7 30 4 3 3.
-0.0118278600275517
a 0.4049660861492157
b -0.5025209784507751
N 1
R 11 8 2 6 -1.
R 11 11 2 3 2.
-2.9604150913655758e-03
a 0.2653481066226959
b -0.3625190854072571
N 2
R 4 8 2 4 -1.
R 4 8 1 2 2.
R 5 10 1 2 2.
-2.3525760043412447e-03
a 0.5697134733200073
b -0.2603535950183868
N 3
R 7 3 4 4 -1.
R 7 5 4 2 2.
-8.9851105585694313e-03
a 0.5698012113571167
b -0.2315361052751541
N 4
R 4 6 10 6 -1.
R 4 9 10 3 2.
0.0298763196915388
a -0.1875625997781754
b 0.6693320870399475
N 5
R 2 6 16 30 -1.
R 2 21 16 15 2.
0.1336385011672974
a -0.3666540980339050
b 0.2999315857887268
N 6
R 0 20 18 4 -1.
R 6 20 6 4 3.
-0.1214952990412712
a 0.6779999732971191
b -0.1948671042919159
N 7
R 9 35 6 1 -1.
R 11 35 2 1 3.
-6.5669702598825097e-04
a -0.4798119068145752
b 0.1185944005846977
N 8
R 7 7 2 4 -1.
R 7 7 1 2 2.
R 8 9 1 2 2.
1.9504330120980740e-03
a -0.2307004034519196
b 0.5092381834983826
N 9
R 5 34 9 2 -1.
R 8 34 3 2 3.
-4.9943909980356693e-03
a -0.6503276228904724
b 0.1005922034382820
N 10
R 2 32 8 2 -1.
R 6 32 4 2 2.
-1.1091269552707672e-03
a 0.2449193000793457
b -0.5018181800842285
N 11
R 8 35 6 1 -1.
R 10 35 2 1 3.
2.1671180147677660e-03
a 0.0308313705027103
b -0.8229724168777466
N 12
R 7 20 3 7 -1.
R 8 20 1 7 3.
5.7879118248820305e-03
a -0.2192831039428711
b 0.5981342792510986
T 5 -1.2665220499038696
S 6
N 0
R 2 8 4 8 -1.
R 2 8 2 4 2.
R 4 12 2 4 2.
-7.2449068538844585e-03
a 0.4401732981204987
b -0.3776125907897949
N 1
R 3 19 12 14 -1.
R 7 19 4 14 3.
-0.1713744997978210
a 0.5122203826904297
b -0.2832663059234619
N 2
R 0 33 12 3 -1.
R 6 33 6 3 2.
-0.0153066404163837
a -0.7842820286750793
b 0.1743993014097214
N 3
R 9 5 2 3 -1.
R 9 5 1 3 2.
-3.3453400246798992e-03
a 0.4038698971271515
b -0.1182454973459244
N 4
R 5 4 6 2 -1.
R 5 4 3 1 2.
R 8 5 3 1 2.
-5.8100880123674870e-03
a 0.7096912860870361
b -0.1643424034118652
N 5
R 8 16 5 20 -1.
R 8 26 5 10 2.
0.0229807291179895
a -0.3467758893966675
b 0.2263800948858261
N 6
R 7 10 4 9 -1.
R 9 10 2 9 2.
-0.0108470004051924
a -0.9057521820068359
b 0.1285291016101837
N 7
R 8 32 10 4 -1.
R 8 32 5 4 2.
-3.5302000469528139e-04
a 0.1416343003511429
b -0.3839958012104034
N 8
R 7 31 3 1 -1.
R 8 31 1 1 3.
1.8031710060313344e-03
a -0.1668491959571838
b 0.6556642055511475
N 9
R 8 30 3 3 -1.
R 9 30 1 3 3.
3.5424949601292610e-03
a -0.1689725071191788
b 0.6598231196403503
N 10
R 6 35 4 1 -1.
R 8 35 2 1 2.
8.8173418771475554e-04
a 0.1633687019348145
b -0.8591619133949280
N 11
R 9 31 3 1 -1.
R 10 31 1 1 3.
1.5141989570111036e-03
a -0.2450758963823318
b 0.6640337705612183
T 6 -0.9710531234741211
S 7
N 0
R 3 5 8 31 -1.
R 7 5 4 31 2.
-0.0626812577247620
a 0.3105325102806091
b -0.5599159002304077
N 1
R 9 8 4 6 -1.
R 11 8 2 3 2.
R 9 11 2 3 2.
3.1254389323294163e-03
a -0.2775318026542664
b 0.2996717989444733
N 2
R 5 11 4 5 -1.
R 7 11 2 5 2.
-2.9131269548088312e-03
a -0.5598785281181335
b 0.1958173960447311
N 3
R 4 15 10 10 -1.
R 4 20 10 5 2.
0.0355257987976074
a -0.3257664144039154
b 0.3367106020450592
N 4
R 4 19 3 4 -1.
R 5 19 1 4 3.
8.3112837746739388e-03
a -0.1947394013404846
b 0.5956581830978394
N 5
R 13 33 4 3 -1.
R 13 33 2 3 2.
-2.0220149308443069e-03
a -0.7226920127868652
b 0.1369719952344894
N 6
R 4 17 3 1 -1.
R 5 17 1 1 3.
-1.8563489429652691e-03
a 0.5343453288078308
b -0.2046218961477280
N 7
R 3 35 12 1 -1.
R 7 35 4 1 3.
-3.0073700472712517e-03
a -0.8392667770385742
b 0.1295278072357178
N 8
R 5 31 4 5 -1.
R 7 31 2 5 2.
-1.6277610557153821e-03
a 0.2682979106903076
b -0.4217526912689209
N 9
R 8 31 3 2 -1.
R 9 31 1 2 3.
-5.9456378221511841e-03
a 0.6668738126754761
b -0.0892477408051491
N 10
R 6 29 6 4 -1.
R 8 29 2 4 3.
6.6818129271268845e-03
a -0.1910447031259537
b 0.5912744998931885
N 11
R 8 28 3 8 -1.
R 9 28 1 8 3.
1.2357309460639954e-03
a -0.1200217977166176
b 0.2379173040390015
N 12
R 4 33 2 3 -1.
R 5 33 1 3 2.
7.8404677333310246e-04
a 0.1328583955764771
b -0.8817052245140076
N 13
R 9 8 2 2 -1.
R 10 8 1 1 2.
R 9 9 1 1 2.
2.5936178863048553e-03
a -0.1087255030870438
b 0.5972787141799927
T 7 -0.9194689989089966
S 8
N 0
R 0 9 18 14 -1.
R 6 9 6 14 3.
-0.2458077967166901
a 0.4540263116359711
b -0.3534904122352600
N 1
R 9 9 4 2 -1.
R 11 9 2 1 2.
R 9 10 2 1 2.
1.7711420077830553e-03
a -0.1407981961965561
b 0.3728547990322113
N 2
R 5 24 3 11 -1.
R 6 24 1 11 3.
6.0142651200294495e-03
a -0.2637287080287933
b 0.4237889945507050
N 3
R 10 8 4 2 -1.
R 12 8 2 1 2.
R 10 9 2 1 2.
3.4407849889248610e-03
a -0.1264366954565048
b 0.5951852798461914
N 4
R 4 8 4 2 -1.
R 4 8 2 1 2.
R 6 9 2 1 2.
-1.6632690094411373e-03
a 0.5137432217597961
b -0.2544743120670319
N 5
R 7 32 10 2 -1.
R 12 32 5 1 2.
R 7 33 5 1 2.
3.0060210265219212e-03
a -0.2097855061292648
b 0.4154363870620728
N 6
R 3 27 2 8 -1.
R 4 27 1 8 2.
-2.4225099477916956e-03
a -0.8468942046165466
b 0.1013078987598419
N 7
R 13 25 2 11 -1.
R 13 25 1 11 2.
-2.4956669658422470e-03
a -0.6229544281959534
b 0.0982060879468918
N 8
R 7 24 3 8 -1.
R 8 24 1 8 3.
3.6950330249965191e-03
a -0.2355474978685379
b 0.4720847010612488
N 9
R 13 25 2 11 -1.
R 13 25 1 11 2.
1.6636219806969166e-03
a 0.1397698968648911
b -0.6112040281295776
N 10
R 3 25 2 11 -1.
R 4 25 1 11 2.
3.3960191067308187e-03
a 0.1078509017825127
b -0.8775647878646851
N 11
R 8 21 2 8 -1.
R 8 21 1 8 2.
-3.5796449519693851e-03
a 0.3774301111698151
b -0.2551395893096924
N 12
R 7 4 4 27 -1.
R 9 4 2 27 2.
-3.8933379109948874e-03
a 0.3789482116699219
b -0.2481890022754669
N 13
R 13 14 3 6 -1.
R 14 14 1 6 3.
4.9293572083115578e-03
a -0.1561035960912704
b 0.4116544127464294
N 14
R 3 14 3 4 -1.
R 4 14 1 4 3.
-5.9876078739762306e-03
a 0.5877915024757385
b -0.1589854955673218
N 15
R 10 7 1 3 -1.
R 10 8 1 1 3.
2.4709249846637249e-03
a -0.0850355625152588
b 0.5119192004203796
T 8 -1.1250309944152832
S 9
N 0
R 5 0 8 36 -1.
R 5 12 8 12 3.
-0.2292774021625519
a 0.4048942923545837
b -0.3306084871292114
N 1
R 3 21 12 10 -1.
R 7 21 4 10 3.
-0.1776145994663239
a 0.5821654796600342
b -0.1807899028062820
N 2
R 0 4 13 3 -1.
R 0 5 13 1 3.
-2.7274880558252335e-03
a 0.3584276139736176
b -0.2992053925991058
N 3
R 9 34 9 2 -1.
R 12 34 3 2 3.
4.9348971806466579e-03
a 0.1273338049650192
b -0.6705136895179749
N 4
R 3 9 4 2 -1.
R 3 9 2 1 2.
R 5 10 2 1 2.
-1.3009549584239721e-03
a 0.3498632013797760
b -0.2503848075866699
N 5
R 3 32 15 2 -1.
R 8 32 5 2 3.
-3.9502070285379887e-03
a 0.1351131051778793
b -0.3036664128303528
N 6
R 7 30 2 2 -1.
R 7 30 1 1 2.
R 8 31 1 1 2.
1.0158859658986330e-03
a -0.1394865065813065
b 0.5949404835700989
N 7
R 9 30 2 2 -1.
R 10 30 1 1 2.
R 9 31 1 1 2.
-6.3004007097333670e-04
a 0.3969790935516357
b -0.1086625978350639
N 8
R 0 33 9 3 -1.
R 3 33 3 3 3.
4.9823480658233166e-03
a 0.1591577976942062
b -0.5841376185417175
N 9
R 0 9 18 9 -1.
R 6 9 6 9 3.
0.1220718026161194
a -0.1320790946483612
b 0.8334501981735229
N 10
R 7 5 2 3 -1.
R 8 5 1 3 2.
-3.7339599803090096e-03
a 0.4828734099864960
b -0.2029684036970139
N 11
R 5 27 12 9 -1.
R 9 27 4 9 3.
-0.0615999400615692
a -0.5714535713195801
b 0.0895820483565331
N 12
R 5 19 2 5 -1.
R 6 19 1 5 2.
-4.8715211451053619e-03
a 0.3974831998348236
b -0.2838704884052277
N 13
R 9 13 4 1 -1.
R 9 13 2 1 2.
1.5844430890865624e-05
a -0.2012073993682861
b 0.1493203043937683
N 14
R 1 34 9 2 -1.
R 4 34 3 2 3.
-4.1474481113255024e-03
a -0.9151328206062317
b 0.0989267528057098
N 15
R 3 29 15 7 -1.
R 8 29 5 7 3.
-7.1850707754492760e-03
a 0.1122141033411026
b -0.3206236958503723
T 9 -0.9624962210655212
S 10
N 0
R 1 6 15 29 -1.
R 6 6 5 29 3.
-0.2530781030654907
a 0.2856541872024536
b -0.4183610975742340
N 1
R 9 8 4 6 -1.
R 11 8 2 3 2.
R 9 11 2 3 2.
4.7974889166653156e-03
a -0.1393582969903946
b 0.1741487979888916
N 2
R 4 10 4 6 -1.
R 4 13 4 3 2.
-1.6567299608141184e-03
a 0.2096190005540848
b -0.4079782068729401
N 3
R 12 24 4 1 -1.
R 12 24 2 1 2.
-8.2886940799653530e-04
a -0.3971570134162903
b 0.1284698992967606
N 4
R 7 8 3 10 -1.
R 7 13 3 5 2.
-0.0251193903386593
a -0.7931442856788635
b 0.1139912977814674
N 5
R 1 11 16 2 -1.
R 1 11 8 2 2.
0.0232787504792213
a 0.0688820928335190
b -0.8618370294570923
N 6
R 5 11 6 1 -1.
R 7 11 2 1 3.
-2.6636279653757811e-03
a -0.6386752128601074
b 0.1026230975985527
N 7
R 3 20 12 16 -1.
R 9 20 6 8 2.
R 3 28 6 8 2.
0.0456812493503094
a 0.0796223729848862
b -0.8963810205459595
N 8
R 2 14 3 6 -1.
R 3 14 1 6 3.
7.1462900377810001e-03
a -0.1944999992847443
b 0.4129784107208252
N 9
R 10 28 3 3 -1.
R 11 28 1 3 3.
3.2789739780128002e-03
a -0.1602648943662643
b 0.4313252866268158
N 10
R 7 31 4 2 -1.
R 7 31 2 1 2.
R 9 32 2 1 2.
-1.2546370271593332e-03
a 0.4006583988666534
b -0.1884562969207764
N 11
R 7 31 4 2 -1.
R 9 31 2 1 2.
R 7 32 2 1 2.
-1.6305350000038743e-03
a 0.5936176776885986
b -0.1500544995069504
N 12
R 0 13 14 5 -1.
R 7 13 7 5 2.
-0.0469874106347561
a 0.3548812866210938
b -0.2497906982898712
N 13
R 13 23 2 5 -1.
R 13 23 1 5 2.
1.6747739864513278e-03
a 0.0878531187772751
b -0.5307465195655823
N 14
R 2 29 10 2 -1.
R 2 29 5 1 2.
R 7 30 5 1 2.
1.3667820021510124e-03
a -0.2612600922584534
b 0.3382754921913147
N 15
R 11 9 2 2 -1.
R 12 9 1 1 2.
R 11 10 1 1 2.
7.6089927460998297e-04
a -0.1335389018058777
b 0.3521203994750977
N 16
R 0 8 12 2 -1.
R 0 8 6 1 2.
R 6 9 6 1 2.
7.4801011942327023e-03
a -0.1532506942749023
b 0.6289268136024475
T 10 -0.9838709831237793
S 11
N 0
R 5 7 2 10 -1.
R 5 12 2 5 2.
-9.1726584360003471e-03
a 0.2920280992984772
b -0.4477517008781433
N 1
R 10 24 6 11 -1.
R 12 24 2 11 3.
0.0119645902886987
a -0.4205543100833893
b 0.3933753073215485
N 2
R 5 12 6 4 -1.
R 5 14 6 2 2.
-9.8705720156431198e-03
a -0.7476487755775452
b 0.1198569983243942
N 3
R 1 8 16 27 -1.
R 1 8 8 27 2.
0.1774888038635254
a 0.1206538006663322
b -0.8674728274345398
N 4
R 7 8 1 3 -1.
R 7 9 1 1 3.
-2.0330899860709906e-03
a 0.5304030776023865
b -0.1974713057279587
N 5
R 12 25 4 10 -1.
R 12 25 2 10 2.
-2.8993529267609119e-03
a -0.3312320113182068
b 0.0741967931389809
N 6
R 2 25 4 10 -1.
R 4 25 2 10 2.
-5.8853160589933395e-03
a -0.6301282048225403
b 0.1332371979951859
N 7
R 10 27 6 2 -1.
R 10 27 3 2 2.
-4.2566279880702496e-03
a 0.1875105947256088
b -0.1306529939174652
N 8
R 6 9 6 15 -1.
R 8 9 2 15 3.
-0.0467078611254692
a -0.9895517230033875
b 0.0770168378949165
N 9
R 10 31 2 2 -1.
R 11 31 1 1 2.
R 10 32 1 1 2.
-8.3239038940519094e-04
a 0.4449158012866974
b -0.1723373979330063
N 10
R 1 31 12 4 -1.
R 5 31 4 4 3.
-1.6154859913513064e-03
a 0.1955959051847458
b -0.4077390134334564
N 11
R 5 34 9 1 -1.
R 8 34 3 1 3.
-2.9776839073747396e-03
a -0.6337230801582336
b 0.1037736013531685
N 12
R 8 12 1 4 -1.
R 8 14 1 2 2.
1.1911019682884216e-03
a 0.0987362563610077
b -0.7397177815437317
N 13
R 10 9 2 2 -1.
R 11 9 1 1 2.
R 10 10 1 1 2.
-1.6201960388571024e-03
a 0.4627495110034943
b -0.0791620835661888
T 11 -1.1281969547271729
S 12
N 0
R 2 12 10 24 -1.
R 7 12 5 24 2.
-0.0741427093744278
a 0.2405457943677902
b -0.4299651980400085
N 1
R 9 8 4 8 -1.
R 11 8 2 4 2.
R 9 12 2 4 2.
3.1247809529304504e-03
a -0.1820258051156998
b 0.1342760026454926
N 2
R 4 24 2 5 -1.
R 5 24 1 5 2.
-7.9056958202272654e-04
a -0.4580256044864655
b 0.1794134974479675
N 3
R 12 26 2 1 -1.
R 12 26 1 1 2.
-5.0237501272931695e-04
a -0.3517628908157349
b 0.1007395982742310
N 4
R 1 10 6 3 -1.
R 3 10 2 3 3.
3.5962460096925497e-03
a -0.3529078960418701
b 0.2498098015785217
N 5
R 6 32 12 4 -1.
R 12 32 6 2 2.
R 6 34 6 2 2.
4.5020361430943012e-03
a -0.3110893964767456
b 0.2123827040195465
N 6
R 4 26 2 1 -1.
R 5 26 1 1 2.
1.7401040531694889e-04
a 0.1367914974689484
b -0.5193132162094116
N 7
R 10 8 2 2 -1.
R 11 8 1 1 2.
R 10 9 1 1 2.
8.7847351096570492e-04
a -0.1836623996496201
b 0.4159614145755768
N 8
R 6 8 2 2 -1.
R 6 8 1 1 2.
R 7 9 1 1 2.
-1.5738089568912983e-03
a 0.6275588870048523
b -0.1406369954347610
N 9
R 10 29 3 2 -1.
R 11 29 1 2 3.
-3.7301979027688503e-03
a 0.4537616968154907
b -0.0525909513235092
N 10
R 5 27 3 6 -1.
R 6 27 1 6 3.
4.1711418889462948e-03
a -0.2283854037523270
b 0.3550195097923279
N 11
R 10 22 2 12 -1.
R 10 22 1 12 2.
-5.2524828352034092e-03
a 0.1679977029561996
b -0.1302226036787033
N 12
R 6 22 2 12 -1.
R 7 22 1 12 2.
4.6042362228035927e-03
a -0.1409128010272980
b 0.7342389822006226
N 13
R 4 12 13 24 -1.
R 4 24 13 12 2.
0.0878924280405045
a -0.3695716857910156
b 0.2436648011207581
N 14
R 6 1 4 6 -1.
R 6 1 2 3 2.
R 8 4 2 3 2.
-4.5801321975886822e-03
a 0.3449563086032867
b -0.2897017002105713
N 15
R 12 10 2 3 -1.
R 12 10 1 3 2.
3.2043249811977148e-03
a -0.0578317381441593
b 0.4017615914344788
N 16
R 6 20 4 2 -1.
R 8 20 2 2 2.
-1.7891099560074508e-04
a 0.2508462071418762
b -0.3555957973003387
N 17
R 9 15 4 1 -1.
R 9 15 2 1 2.
-1.5908170025795698e-03
a -0.5861456990242004
b 0.1166554018855095
N 18
R 3 8 3 11 -1.
R 4 8 1 11 3.
-4.5803841203451157e-03
a 0.3832804858684540
b -0.2362122982740402
T 12 -0.9990602731704712
S 13
N 0
R 0 9 18 24 -1.
R 6 9 6 24 3.
-0.5376713871955872
a 0.5450410246849060
b -0.2064805030822754
N 1
R 4 3 10 21 -1.
R 4 10 10 7 3.
-0.2076095938682556
a 0.5191463232040405
b -0.1669518053531647
N 2
R 6 24 3 6 -1.
R 7 24 1 6 3.
-4.6909819357097149e-03
a 0.2802411019802094
b -0.3178592920303345
N 3
R 10 31 2 2 -1.
R 11 31 1 1 2.
R 10 32 1 1 2.
-2.3175380192697048e-03
a 0.5445984005928040
b -0.0667070373892784
N 4
R 6 31 2 2 -1.
R 6 31 1 1 2.
R 7 32 1 1 2.
-1.0730699868872762e-03
a 0.5603190064430237
b -0.1092588976025581
N 5
R 13 26 2 1 -1.
R 13 26 1 1 2.
-2.8584781102836132e-04
a -0.5491964221000671
b 0.0952394828200340
N 6
R 5 14 6 3 -1.
R 8 14 3 3 2.
6.6339498152956367e-04
a -0.3282186985015869
b 0.2173860073089600
N 7
R 12 34 3 2 -1.
R 13 34 1 2 3.
1.1823249515146017e-03
a 0.0751379728317261
b -0.4706996977329254
N 8
R 0 32 10 4 -1.
R 5 32 5 4 2.
-1.7676650313660502e-03
a 0.1767853051424026
b -0.4012799859046936
N 9
R 9 31 8 5 -1.
R 9 31 4 5 2.
-4.1138028609566391e-04
a 0.0907870978116989
b -0.3036637902259827
N 10
R 1 31 8 5 -1.
R 5 31 4 5 2.
-0.0215596091002226
a -0.7841554880142212
b 0.1068115010857582
N 11
R 6 32 6 1 -1.
R 8 32 2 1 3.
1.5701210359111428e-03
a -0.1946693956851959
b 0.4675979912281036
N 12
R 3 34 3 2 -1.
R 4 34 1 2 3.
9.7137189004570246e-04
a 0.1198522001504898
b -0.7135025858879089
N 13
R 11 10 3 2 -1.
R 11 11 3 1 2.
-1.3036500604357570e-04
a 0.1947927027940750
b -0.3323409855365753
N 14
R 5 25 3 2 -1.
R 6 25 1 2 3.
-1.2935909908264875e-03
a 0.4110515117645264
b -0.1824910938739777
N 15
R 8 27 3 7 -1.
R 9 27 1 7 3.
-2.9176541138440371e-03
a 0.2584997117519379
b -0.1416940987110138
N 16
R 7 27 3 7 -1.
R 8 27 1 7 3.
-4.6844659373164177e-03
a 0.3835343122482300
b -0.2664143145084381
N 17
R 13 25 2 2 -1.
R 13 25 1 2 2.
1.5743320109322667e-03
a 0.0650695264339447
b -0.6323804259300232
T 13 -0.9659152030944824
S 14
N 0
R 7 3 4 6 -1.
R 7 5 4 2 3.
-9.4198426231741905e-03
a 0.4217736124992371
b -0.2238806039094925
N 1
R 8 1 10 18 -1.
R 13 1 5 9 2.
R 8 10 5 9 2.
-0.0381362698972225
a 0.3203014135360718
b -0.2888438105583191
N 2
R 2 24 6 11 -1.
R 4 24 2 11 3.
6.9737629964947701e-03
a -0.4129008054733276
b 0.1847842931747437
N 3
R 5 28 12 8 -1.
R 9 28 4 8 3.
-0.0809060782194138
a -0.9248979091644287
b 0.0279711894690990
N 4
R 1 28 12 8 -1.
R 5 28 4 8 3.
-0.0627236366271973
a -0.8421437144279480
b 0.0987691432237625
N 5
R 12 27 4 5 -1.
R 12 27 2 5 2.
-1.3774180551990867e-03
a -0.4390729069709778
b 0.1289301961660385
N 6
R 2 27 4 5 -1.
R 4 27 2 5 2.
2.3691640235483646e-03
a 0.1264968961477280
b -0.5908722281455994
N 7
R 10 8 2 2 -1.
R 11 8 1 1 2.
R 10 9 1 1 2.
7.0428149774670601e-04
a -0.2538386881351471
b 0.3070386052131653
N 8
R 6 2 4 3 -1.
R 8 2 2 3 2.
3.6840490065515041e-03
a 0.1676663011312485
b -0.6286271214485168
N 9
R 9 31 4 2 -1.
R 11 31 2 1 2.
R 9 32 2 1 2.
-1.5561609761789441e-03
a 0.4405539035797119
b -0.2030408978462219
N 10
R 0 20 18 7 -1.
R 6 20 6 7 3.
-0.2066154927015305
a 0.4800600111484528
b -0.1473515033721924
N 11
R 10 8 2 2 -1.
R 11 8 1 1 2.
R 10 9 1 1 2.
-6.6699122544378042e-04
a 0.3803888857364655
b -0.1574217975139618
N 12
R 6 8 2 2 -1.
R 6 8 1 1 2.
R 7 9 1 1 2.
2.1755748894065619e-03
a -0.0758188292384148
b 0.7469041943550110
N 13
R 9 5 3 9 -1.
R 10 5 1 9 3.
-3.6448580212891102e-03
a 0.1626897007226944
b -0.0749737471342087
N 14
R 6 5 3 9 -1.
R 7 5 1 9 3.
1.9082600483670831e-03
a -0.2500124871730804
b 0.2948620021343231
N 15
R 9 5 2 4 -1.
R 9 5 1 4 2.
6.2375320121645927e-03
a -0.0385194905102253
b 0.5587236881256104
N 16
R 5 9 6 1 -1.
R 7 9 2 1 3.
-1.1331590358167887e-03
a 0.2831184864044189
b -0.3201748132705688
N 17
R 4 4 12 10 -1.
R 4 9 12 5 2.
0.0491627305746078
a -0.1199342980980873
b 0.5627936720848083
N 18
R 0 32 2 4 -1.
R 1 32 1 4 2.
-1.7300810432061553e-03
a -0.8840010762214661
b 0.1052654981613159
N 19
R 6 10 6 1 -1.
R 8 10 2 1 3.
-2.4060639552772045e-03
a -0.6080768704414368
b 0.1001399978995323
T 14 -1.0619499683380127
S 15
N 0
R 0 13 18 11 -1.
R 6 13 6 11 3.
-0.1709018945693970
a 0.2533917129039764
b -0.3376092910766602
N 1
R 7 4 6 2 -1.
R 10 4 3 1 2.
R 7 5 3 1 2.
-2.5215940549969673e-03
a 0.3460972905158997
b -0.1434673964977264
N 2
R 1 32 8 4 -1.
R 1 32 4 2 2.
R 5 34 4 2 2.
1.4861730160191655e-03
a -0.3575223088264465
b 0.2097485065460205
N 3
R 11 8 2 6 -1.
R 11 11 2 3 2.
-2.2826190106570721e-03
a 0.1709550023078918
b -0.1742763072252274
N 4
R 6 14 6 16 -1.
R 6 14 3 8 2.
R 9 22 3 8 2.
0.0203232690691948
a 0.0655683875083923
b -0.7453184723854065
N 5
R 9 20 6 9 -1.
R 9 20 3 9 2.
0.0181985907256603
a -0.1167178004980087
b 0.5711805820465088
N 6
R 2 23 14 13 -1.
R 9 23 7 13 2.
-0.0166861508041620
a -0.3373594880104065
b 0.2608107030391693
N 7
R 7 3 6 4 -1.
R 10 3 3 2 2.
R 7 5 3 2 2.
2.0376809407025576e-03
a -0.1543958932161331
b 0.1889570951461792
N 8
R 5 3 6 4 -1.
R 5 3 3 2 2.
R 8 5 3 2 2.
-7.7303699217736721e-03
a 0.4334487915039062
b -0.1462197005748749
N 9
R 14 26 2 6 -1.
R 14 26 1 6 2.
-1.1409679427742958e-03
a -0.6082947850227356
b 0.0712754428386688
N 10
R 6 20 2 8 -1.
R 6 20 1 4 2.
R 7 24 1 4 2.
-1.9692289642989635e-03
a 0.2939912974834442
b -0.2461910992860794
N 11
R 8 4 2 3 -1.
R 8 5 2 1 3.
3.2961270771920681e-03
a -0.1348236054182053
b 0.5853101015090942
N 12
R 7 5 2 2 -1.
R 7 5 1 1 2.
R 8 6 1 1 2.
1.3651839690282941e-03
a -0.1008637025952339
b 0.6190695762634277
N 13
R 8 21 4 8 -1.
R 10 21 2 4 2.
R 8 25 2 4 2.
1.9773489329963923e-03
a -0.1282010972499847
b 0.2545506954193115
N 14
R 3 13 6 3 -1.
R 5 13 2 3 3.
-4.6782591380178928e-03
a 0.1830849051475525
b -0.3930991888046265
N 15
R 6 11 6 5 -1.
R 8 11 2 5 3.
9.9214250221848488e-03
a 0.1647714972496033
b -0.4509549140930176
N 16
R 0 10 18 8 -1.
R 6 10 6 8 3.
0.0896982774138451
a -0.1161798983812332
b 0.6986926198005676
N 17
R 6 22 8 4 -1.
R 10 22 4 2 2.
R 6 24 4 2 2.
-0.0121481902897358
a -1.
b 0.0547457411885262
N 18
R 4 22 8 4 -1.
R 4 22 4 2 2.
R 8 24 4 2 2.
6.1232969164848328e-04
a -0.2914831936359406
b 0.2727366089820862
T 15 -0.7711942195892334
S 16
N 0
R 1 4 6 14 -1.
R 1 4 3 7 2.
R 4 11 3 7 2.
-0.0480193793773651
a 0.3939850032329559
b -0.1962547004222870
N 1
R 5 0 12 26 -1.
R 9 0 4 26 3.
-0.1126824021339417
a 0.2841109931468964
b -0.2283205986022949
N 2
R 7 32 4 2 -1.
R 7 32 2 1 2.
R 9 33 2 1 2.
-1.5191519632935524e-03
a 0.4276776015758514
b -0.1675195991992950
N 3
R 7 32 4 2 -1.
R 9 32 2 1 2.
R 7 33 2 1 2.
-1.8093519611284137e-03
a 0.5701857209205627
b -0.1636147052049637
N 4
R 6 18 6 5 -1.
R 8 18 2 5 3.
-0.0286740791052580
a -0.9587393999099731
b 0.0803710892796516
N 5
R 10 30 2 2 -1.
R 11 30 1 1 2.
R 10 31 1 1 2.
-4.7391979023814201e-04
a 0.3801581859588623
b -0.0857088491320610
N 6
R 3 23 2 7 -1.
R 4 23 1 7 2.
-9.6979731461033225e-04
a -0.5674198269844055
b 0.1224813014268875
N 7
R 10 30 2 2 -1.
R 11 30 1 1 2.
R 10 31 1 1 2.
3.5192508948966861e-04
a -0.1279504001140594
b 0.2355457991361618
N 8
R 7 12 3 4 -1.
R 7 14 3 2 2.
1.7074779607355595e-03
a 0.1241547018289566
b -0.6151489019393921
N 9
R 13 26 2 1 -1.
R 13 26 1 1 2.
-4.9009599024429917e-04
a -0.5484411716461182
b 0.0413816086947918
N 10
R 6 30 2 2 -1.
R 6 30 1 1 2.
R 7 31 1 1 2.
1.1840449878945947e-03
a -0.1452433019876480
b 0.5354378819465637
N 11
R 8 21 2 7 -1.
R 8 21 1 7 2.
-4.8633860424160957e-03
a 0.4384370148181915
b -0.1710539013147354
N 12
R 1 0 12 28 -1.
R 5 0 4 28 3.
-0.2621102035045624
a -0.8362247943878174
b 0.1120112016797066
N 13
R 13 25 2 3 -1.
R 13 25 1 3 2.
-1.0483179939910769e-03
a -0.4321945905685425
b 0.0242113303393126
N 14
R 3 25 2 3 -1.
R 4 25 1 3 2.
1.0697579709812999e-03
a 0.1073106005787849
b -0.7642350196838379
N 15
R 8 22 3 6 -1.
R 9 22 1 6 3.
-0.0100127095356584
a 0.5170372128486633
b -0.1162772998213768
N 16
R 7 4 3 7 -1.
R 8 4 1 7 3.
-6.1570499092340469e-03
a 0.4212189018726349
b -0.1781124025583267
N 17
R 13 11 2 8 -1.
R 14 11 1 4 2.
R 13 15 1 4 2.
-3.5092870239168406e-03
a 0.3961024880409241
b -0.1178233027458191
N 18
R 0 31 18 3 -1.
R 6 31 6 3 3.
-0.0139512298628688
a 0.1912761032581329
b -0.3919554948806763
N 19
R 9 5 2 4 -1.
R 9 5 1 4 2.
-1.6709370538592339e-03
a 0.1577000021934509
b -0.1066737994551659
N 20
R 7 5 2 4 -1.
R 8 5 1 4 2.
2.6187840849161148e-03
a -0.1269696950912476
b 0.6981379985809326
N 21
R 7 19 4 3 -1.
R 7 19 2 3 2.
-6.8123289383947849e-03
a -0.7919455170631409
b 0.1141119971871376
T 16 -1.0316640138626099
S 17
N 0
R 0 1 8 18 -1.
R 0 1 4 9 2.
R 4 10 4 9 2.
-0.0923672318458557
a 0.5336586236953735
b -0.1838655024766922
N 1
R 8 18 6 9 -1.
R 10 18 2 9 3.
-0.0297663006931543
a 0.3724229037761688
b -0.1647077947854996
N 2
R 8 34 2 2 -1.
R 9 34 1 2 2.
4.4291021185927093e-04
a 0.0878385975956917
b -0.6678894162178040
N 3
R 8 18 6 10 -1.
R 10 18 2 10 3.
0.0577104315161705
a 0.0757312923669815
b -0.9073935747146606
N 4
R 8 21 2 4 -1.
R 9 21 1 4 2.
1.3346200576052070e-03
a -0.2510133981704712
b 0.3227365016937256
N 5
R 8 27 3 2 -1.
R 9 27 1 2 3.
-1.8233560258522630e-03
a 0.3327693045139313
b -0.0925692394375801
N 6
R 5 9 4 1 -1.
R 7 9 2 1 2.
-1.6135049518197775e-03
a 0.2817771136760712
b -0.2960286140441895
N 7
R 8 17 6 12 -1.
R 10 17 2 12 3.
-0.0201255306601524
a 0.1297810971736908
b -0.1152380034327507
N 8
R 0 22 16 12 -1.
R 0 22 8 6 2.
R 8 28 8 6 2.
0.0469640381634235
a 0.0999765470623970
b -0.6935796737670898
N 9
R 8 12 4 3 -1.
R 8 12 2 3 2.
-6.3647138886153698e-03
a -0.6476758718490601
b 0.0509991608560085
N 10
R 1 9 4 3 -1.
R 1 10 4 1 3.
-1.5220959903672338e-03
a 0.4305711984634399
b -0.1706016063690186
N 11
R 14 10 1 3 -1.
R 14 11 1 1 3.
1.0959609644487500e-03
a -0.0620229095220566
b 0.4395278990268707
N 12
R 0 10 4 3 -1.
R 0 11 4 1 3.
-1.6447779489681125e-03
a 0.4231562912464142
b -0.2060030996799469
N 13
R 5 13 12 20 -1.
R 9 13 4 20 3.
0.0861070528626442
a -0.0279970597475767
b 0.4998522102832794
N 14
R 3 16 9 11 -1.
R 6 16 3 11 3.
-0.0328021496534348
a 0.2768169045448303
b -0.3476187884807587
N 15
R 8 27 3 2 -1.
R 9 27 1 2 3.
6.9624357856810093e-03
a -0.0673415735363960
b 0.6088712811470032
N 16
R 7 27 3 2 -1.
R 8 27 1 2 3.
5.3147552534937859e-04
a -0.3055494129657745
b 0.3660472929477692
N 17
R 8 34 9 2 -1.
R 11 34 3 2 3.
3.6109450738877058e-03
a 0.1146550998091698
b -0.7131245136260986
N 18
R 6 12 4 3 -1.
R 8 12 2 3 2.
6.3787847466301173e-05
a -0.4250153899192810
b 0.1886961013078690
N 19
R 3 34 15 2 -1.
R 8 34 5 2 3.
-0.0203480198979378
a -0.8792489171028137
b 0.0410234406590462
N 20
R 0 34 15 2 -1.
R 5 34 5 2 3.
2.9386209789663553e-03
a 0.1504299938678741
b -0.5458164215087891
T 17 -0.9046838283538818
S 18
N 0
R 3 25 3 4 -1.
R 4 25 1 4 3.
1.2569989776238799e-03
a 0.1831911057233810
b -0.5849056839942932
N 1
R 6 32 12 4 -1.
R 12 32 6 2 2.
R 6 34 6 2 2.
0.0111810304224491
a -0.1944473981857300
b 0.3560656011104584
N 2
R 2 24 6 2 -1.
R 4 24 2 2 3.
8.3179498324170709e-04
a -0.4287573993206024
b 0.1974467039108276
N 3
R 7 4 4 2 -1.
R 7 5 4 1 2.
-4.6695740893483162e-03
a 0.5124617218971252
b -0.1777953058481216
N 4
R 7 15 2 7 -1.
R 8 15 1 7 2.
3.2021079678088427e-03
a 0.1502926051616669
b -0.6074643135070801
N 5
R 13 21 4 10 -1.
R 15 21 2 5 2.
R 13 26 2 5 2.
4.2351051233708858e-03
a 0.0801970511674881
b -0.3545835912227631
N 6
R 5 18 2 6 -1.
R 5 18 1 3 2.
R 6 21 1 3 2.
3.7989220581948757e-03
a -0.1335856020450592
b 0.6974452137947083
N 7
R 11 18 3 4 -1.
R 12 18 1 4 3.
6.4203618094325066e-03
a -0.1296962052583694
b 0.5524101853370667
N 8
R 6 3 3 6 -1.
R 7 3 1 6 3.
3.1272459309548140e-03
a -0.2332590967416763
b 0.3974679112434387
N 9
R 7 10 9 21 -1.
R 10 10 3 21 3.
-0.0433876402676105
a 0.2031212002038956
b -0.1529406011104584
N 10
R 2 10 9 21 -1.
R 5 10 3 21 3.
-0.0966612175107002
a 0.5370643138885498
b -0.2008481025695801
N 11
R 6 8 12 20 -1.
R 12 8 6 10 2.
R 6 18 6 10 2.
-0.1806336939334869
a 0.9106224179267883
b -0.0520786792039871
N 12
R 6 7 4 2 -1.
R 6 7 2 1 2.
R 8 8 2 1 2.
-8.0355728277936578e-04
a 0.4839071035385132
b -0.2040438950061798
N 13
R 1 16 17 3 -1.
R 1 17 17 1 3.
-6.0145398601889610e-03
a 0.5219333767890930
b -0.1614080071449280
N 14
R 6 21 6 8 -1.
R 6 21 3 4 2.
R 9 25 3 4 2.
-0.0168051999062300
a -0.9257742762565613
b 0.1176842972636223
N 15
R 15 11 2 6 -1.
R 15 14 2 3 2.
3.1676460057497025e-03
a -0.1443264037370682
b 0.2439393997192383
T 18 -0.8596711754798889
S 19
N 0
R 0 30 12 4 -1.
R 6 30 6 4 2.
-0.0205255802720785
a 0.3741202056407928
b -0.3209474980831146
N 1
R 4 7 10 18 -1.
R 4 13 10 6 3.
-0.1057069972157478
a 0.3895223140716553
b -0.3102220892906189
N 2
R 4 16 3 10 -1.
R 5 16 1 10 3.
7.9773440957069397e-03
a -0.2458347976207733
b 0.4999688863754272
N 3
R 11 16 3 13 -1.
R 12 16 1 13 3.
7.9496381804347038e-03
a -0.1963656991720200
b 0.3884525001049042
N 4
R 4 16 3 13 -1.
R 5 16 1 13 3.
-5.4256860166788101e-03
a 0.7954803705215454
b -0.1910298019647598
N 5
R 8 10 3 4 -1.
R 9 10 1 4 3.
1.5739119844511151e-03
a 0.2886463105678558
b -0.4526956081390381
N 6
R 5 19 6 16 -1.
R 5 19 3 8 2.
R 8 27 3 8 2.
0.0332748889923096
a 0.1448491960763931
b -0.8378221988677979
N 7
R 8 24 2 8 -1.
R 9 24 1 4 2.
R 8 28 1 4 2.
2.1942630410194397e-03
a -0.1966212987899780
b 0.7272670865058899
N 8
R 4 9 2 4 -1.
R 4 9 1 2 2.
R 5 11 1 2 2.
-2.3569709155708551e-03
a 0.5340902805328369
b -0.2375490963459015
N 9
R 5 10 9 1 -1.
R 8 10 3 1 3.
-6.6667799837887287e-03
a -0.3494387865066528
b 0.1154797002673149
N 10
R 0 7 18 2 -1.
R 0 8 18 1 2.
1.0077049955725670e-03
a -0.2307934015989304
b 0.5160126090049744
N 11
R 12 22 6 14 -1.
R 14 22 2 14 3.
-6.8059689365327358e-03
a -0.4497748911380768
b 0.0969293564558029
N 12
R 0 22 6 14 -1.
R 2 22 2 14 3.
1.3611710164695978e-03
a 0.3805631101131439
b -0.3563424944877625
N 13
R 14 23 4 3 -1.
R 14 23 2 3 2.
3.8052159652579576e-05
a 0.1903136968612671
b -0.1766901016235352
T 19 -0.9897273182868958
